     Day  Month  Year  MinTemp  MaxTemp  Precipitation  ReferenceET
0      1      1  2024    16.85    25.42           0.39         1.04
1      2      1  2024    17.46    25.45           0.44         1.14
2      3      1  2024    18.14    24.46           0.71         0.87
3      4      1  2024    17.63    25.99           0.16         1.02
4      5      1  2024    17.27    26.51           0.07         1.12
5      6      1  2024    17.76    26.40           0.02         1.09
6      7      1  2024    16.71    26.88           0.07         1.16
7      8      1  2024    15.90    26.75           0.02         1.12
8      9      1  2024    15.30    26.48           0.32         0.96
9     10      1  2024    16.78    26.60           0.20         1.11
10    11      1  2024    15.05    25.15           0.01         1.15
11    12      1  2024    14.44    25.85           0.03         1.13
12    13      1  2024    14.84    24.62           0.03         1.20
13    14      1  2024    14.19    24.87           0.02         1.09
14    15      1  2024    12.91    24.79           0.00         1.06
15    16      1  2024    12.79    26.15           0.04         1.05
16    17      1  2024    15.61    26.13           0.18         1.19
17    18      1  2024    15.91    26.06           0.30         1.14
18    19      1  2024    15.08    25.65           0.06         1.21
19    20      1  2024    15.09    25.80           0.04         1.07
20    21      1  2024    14.77    26.31           0.01         1.11
21    22      1  2024    14.80    26.82           0.00         1.13
22    23      1  2024    16.49    27.05           0.00         1.10
23    24      1  2024    17.00    27.64           0.00         1.10
24    25      1  2024    17.49    27.37           0.00         1.07
25    26      1  2024    16.41    27.44           0.00         1.17
26    27      1  2024    15.30    26.61           0.00         1.20
27    28      1  2024    15.88    27.53           0.00         1.06
28    29      1  2024    18.41    27.66           0.00         1.28
29    30      1  2024    17.17    27.68           0.00         1.11
30    31      1  2024    18.07    27.25           0.00         1.25
31     1      2  2024    16.68    27.75           0.00         1.34
32     2      2  2024    16.03    27.99           0.00         1.37
33     3      2  2024    17.34    28.09           0.01         1.31
34     4      2  2024    17.28    27.24           0.10         1.34
35     5      2  2024    18.02    25.36           0.65         1.27
36     6      2  2024    17.72    26.87           1.48         1.20
37     7      2  2024    17.63    28.40           0.25         1.31
38     8      2  2024    18.14    27.41           0.07         1.27
39     9      2  2024    17.88    27.69           0.15         1.50
40    10      2  2024    17.72    26.27           0.07         1.34
41    11      2  2024    17.43    27.87           0.03         1.40
42    12      2  2024    17.88    28.10           0.06         1.16
43    13      2  2024    18.57    27.99           0.07         1.21
44    14      2  2024    18.45    28.71           0.12         1.39
45    15      2  2024    18.44    27.95           0.74         1.25
46    16      2  2024    17.20    28.30           1.84         1.40
47    17      2  2024    18.63    28.89           2.59         1.29
48    18      2  2024    19.29    28.71           0.16         1.22
49    19      2  2024    17.49    29.55           0.05         1.19
50    20      2  2024    19.31    28.80           0.06         1.10
51    21      2  2024    17.68    28.09           0.00         1.36
52    22      2  2024    16.25    28.82           0.03         1.48
53    23      2  2024    16.33    27.75           0.01         1.69
54    24      2  2024    16.77    27.38           0.06         1.63
55    25      2  2024    18.62    27.58           0.03         1.51
56    26      2  2024    18.84    27.13           0.02         1.59
57    27      2  2024    18.05    28.32           0.06         1.68
58    28      2  2024    17.37    29.22           0.01         1.51
59     1      3  2024    16.85    29.66           0.00         1.47
60     2      3  2024    18.70    27.95           0.13         1.24
61     3      3  2024    19.02    30.18           0.00         1.68
62     4      3  2024    17.92    31.28           0.00         1.67
63     5      3  2024    18.09    29.77           0.17         1.45
64     6      3  2024    19.10    29.06           0.00         1.52
65     7      3  2024    17.98    30.43           0.00         1.73
66     8      3  2024    16.42    30.16           0.01         1.63
67     9      3  2024    16.53    31.01           0.00         1.56
68    10      3  2024    15.11    30.25           0.00         1.53
69    11      3  2024    15.54    31.08           0.00         1.69
70    12      3  2024    17.89    30.55           0.00         0.83
71    13      3  2024    19.84    29.68           0.00         1.31
72    14      3  2024    19.54    31.20           0.00         1.59
73    15      3  2024    18.79    31.88           0.00         1.62
74    16      3  2024    18.55    32.00           0.00         1.67
75    17      3  2024    19.41    31.81           0.00         1.61
76    18      3  2024    19.22    31.92           0.38         1.50
77    19      3  2024    19.95    31.52           0.57         1.67
78    20      3  2024    19.36    29.43           3.19         1.27
79    21      3  2024    19.31    27.53          19.32         1.01
80    22      3  2024    20.07    28.58           0.57         1.32
81    23      3  2024    19.99    28.33           0.81         1.59
82    24      3  2024    19.92    28.87           2.41         1.49
83    25      3  2024    20.05    27.77           1.67         1.39
84    26      3  2024    20.72    31.11           0.08         1.67
85    27      3  2024    20.92    30.39           0.41         1.47
86    28      3  2024    20.44    31.23           0.09         1.63
87    29      3  2024    18.23    30.52           0.37         1.36
88    30      3  2024    19.13    28.35          21.45         1.01
89    31      3  2024    20.08    24.73          23.82         0.37
90     1      4  2024    20.26    26.55          17.08         1.04
91     2      4  2024    19.24    28.55           1.83         1.26
92     3      4  2024    19.11    28.12           2.56         1.66
93     4      4  2024    18.26    28.73           2.90         1.45
94     5      4  2024    19.17    28.46           4.70         1.06
95     6      4  2024    18.58    29.75           0.35         1.34
96     7      4  2024    18.14    27.96           0.00         0.91
97     8      4  2024    15.60    30.41           0.00         1.64
98     9      4  2024    17.93    30.01           0.00         1.54
99    10      4  2024    18.80    30.15           0.00         1.70
100   11      4  2024    19.80    30.93           0.01         1.55
101   12      4  2024    20.44    29.35           0.18         1.44
102   13      4  2024    20.57    31.23           0.27         1.31
103   14      4  2024    22.12    28.25           1.03         1.19
104   15      4  2024    20.43    29.29           4.58         1.26
105   16      4  2024    19.27    29.45           4.14         1.06
106   17      4  2024    19.00    31.31           0.05         1.73
107   18      4  2024    19.56    31.18           0.03         1.97
108   19      4  2024    16.94    31.70           0.01         2.03
109   20      4  2024    18.81    31.52           0.09         1.55
110   21      4  2024    20.16    32.43           0.03         1.90
111   22      4  2024    19.21    33.09           0.02         1.93
112   23      4  2024    20.13    32.88           0.09         1.95
113   24      4  2024    20.97    31.25           0.19         1.75
114   25      4  2024    20.55    33.05           0.04         1.97
115   26      4  2024    22.06    33.20           0.24         1.80
116   27      4  2024    21.87    33.76           0.18         1.90
117   28      4  2024    21.51    29.31           1.12         1.65
118   29      4  2024    20.44    26.44          18.42         0.38
119   30      4  2024    20.77    27.88          20.82         1.15
120    1      5  2024    20.89    27.11          39.30         1.09
121    2      5  2024    21.06    27.52           6.57         1.45
122    3      5  2024    21.31    25.43           6.81         1.12
123    4      5  2024    20.40    28.99           1.74         1.38
124    5      5  2024    20.81    29.69           0.40         1.59
125    6      5  2024    20.13    30.40           0.09         1.90
126    7      5  2024    19.09    29.87           0.30         1.41
127    8      5  2024    20.06    28.59           0.14         1.28
128    9      5  2024    20.30    30.23           0.07         1.76
129   10      5  2024    19.71    31.86           0.07         1.73
130   11      5  2024    20.94    31.84           0.22         1.51
131   12      5  2024    22.38    28.88           0.76         1.47
132   13      5  2024    21.59    29.98           0.34         1.63
133   14      5  2024    22.45    28.07           1.01         1.50
134   15      5  2024    21.90    30.43           0.45         1.72
135   16      5  2024    22.40    27.81           5.06         1.13
136   17      5  2024    21.17    28.47           6.35         0.89
137   18      5  2024    21.66    25.23           4.82         0.97
138   19      5  2024    20.98    27.02          18.85         1.15
139   20      5  2024    20.73    28.51           9.31         1.31
140   21      5  2024    21.23    26.85          27.32         1.38
141   22      5  2024    20.60    25.15          17.49         1.06
142   23      5  2024    20.26    25.70           4.18         0.94
143   24      5  2024    19.51    27.76           1.67         1.35
144   25      5  2024    20.96    27.40           2.82         1.12
145   26      5  2024    20.66    24.36          12.05         0.78
146   27      5  2024    20.15    25.16          12.68         0.80
147   28      5  2024    19.75    25.74          10.86         1.46
148   29      5  2024    20.52    26.56           5.94         1.23
149   30      5  2024    21.05    26.93           0.35         1.11
150   31      5  2024    20.55    29.04           2.22         1.40
151    1      6  2024    21.93    26.60          12.15         1.21
152    2      6  2024    21.46    26.32          11.73         1.39
153    3      6  2024    20.32    26.68           1.53         1.55
154    4      6  2024    20.89    26.95           5.94         1.57
155    5      6  2024    18.70    28.42           8.57         1.58
156    6      6  2024    21.17    28.73           0.43         1.56
157    7      6  2024    21.77    28.63           2.63         1.45
158    8      6  2024    20.72    28.72          11.77         1.42
159    9      6  2024    20.88    28.50           1.72         1.56
160   10      6  2024    21.63    26.78          12.24         1.36
161   11      6  2024    21.10    28.02           2.79         1.52
162   12      6  2024    21.39    26.24           6.94         1.34
163   13      6  2024    20.53    28.18           0.26         1.69
164   14      6  2024    21.06    27.78           1.95         1.53
165   15      6  2024    21.24    27.10           3.73         1.47
166   16      6  2024    21.79    28.15           0.18         1.40
167   17      6  2024    21.72    28.82           0.06         1.57
168   18      6  2024    21.36    28.52           0.20         1.41
169   19      6  2024    21.53    26.70           0.48         1.32
170   20      6  2024    20.97    28.09           0.84         1.52
171   21      6  2024    21.27    27.17          12.03         1.43
172   22      6  2024    19.85    27.81          23.07         1.22
173   23      6  2024    21.43    25.68           5.75         0.92
174   24      6  2024    21.32    24.95          16.79         1.32
175   25      6  2024    20.99    27.10           9.72         1.37
176   26      6  2024    20.64    27.77           0.51         1.53
177   27      6  2024    21.21    28.68           0.18         1.54
178   28      6  2024    22.58    27.20           1.06         1.36
179   29      6  2024    21.52    26.69           4.92         1.19
180   30      6  2024    21.69    25.67           3.43         1.29
181    1      7  2024    20.51    25.26           1.62         0.96
182    2      7  2024    21.07    26.55           4.07         1.06
183    3      7  2024    21.35    27.10           1.57         1.07
184    4      7  2024    21.43    27.19           2.30         1.26
185    5      7  2024    20.94    26.51           6.17         1.42
186    6      7  2024    21.74    26.00           3.69         1.32
187    7      7  2024    21.99    26.72           3.63         1.17
188    8      7  2024    21.40    25.14          10.92         0.92
189    9      7  2024    20.17    24.98           8.59         1.05
190   10      7  2024    20.43    25.95          15.61         1.08
191   11      7  2024    20.67    24.75          23.47         0.84
192   12      7  2024    20.53    26.09          21.76         1.04
193   13      7  2024    20.77    25.88          16.94         0.92
194   14      7  2024    20.91    27.15           3.76         1.13
195   15      7  2024    20.63    27.67           3.20         1.27
196   16      7  2024    21.12    27.32           5.87         1.43
197   17      7  2024    21.28    26.23           4.11         1.35
198   18      7  2024    21.12    26.63           1.30         1.35
199   19      7  2024    21.75    26.27           3.12         0.93
200   20      7  2024    20.75    23.72          11.09         0.68
201   21      7  2024    19.88    25.05          12.87         1.18
202   22      7  2024    18.69    28.56           0.67         1.19
203   23      7  2024    19.33    29.01           0.12         1.44
204   24      7  2024    19.61    29.41           0.27         1.62
205   25      7  2024    20.34    28.84           1.27         1.54
206   26      7  2024    21.37    27.26          13.10         1.24
207   27      7  2024    20.95    28.05           2.17         1.10
208   28      7  2024    21.18    27.96           0.40         1.45
209   29      7  2024    21.30    28.14           4.32         1.47
210   30      7  2024    21.79    26.51          16.07         1.06
211   31      7  2024    21.21    25.28          60.28         0.95
212    1      8  2024    20.35    27.17          27.28         1.25
213    2      8  2024    19.76    26.99           3.52         1.30
214    3      8  2024    21.00    26.47          17.76         1.03
215    4      8  2024    21.04    26.88          16.12         1.13
216    5      8  2024    20.96    25.42           9.93         1.30
217    6      8  2024    20.70    24.60          20.48         1.03
218    7      8  2024    20.37    25.09          20.08         0.68
219    8      8  2024    19.53    23.51          27.53         0.75
220    9      8  2024    18.17    23.88           8.04         1.05
221   10      8  2024    18.81    25.71          11.89         1.11
222   11      8  2024    20.18    25.21          11.43         0.97
223   12      8  2024    19.32    27.71           0.43         1.49
224   13      8  2024    20.43    27.55           1.06         1.49
225   14      8  2024    20.56    26.74          11.55         1.25
226   15      8  2024    21.64    25.92          12.53         0.38
227   16      8  2024    20.44    26.70           6.45         1.44
228   17      8  2024    20.27    26.47           3.42         1.26
229   18      8  2024    20.17    27.09           2.56         1.56
230   19      8  2024    21.06    25.79          13.25         1.08
231   20      8  2024    20.72    25.55          20.46         1.14
232   21      8  2024    20.29    27.37           3.91         1.26
233   22      8  2024    20.24    27.89           4.15         1.54
234   23      8  2024    21.38    25.56           9.93         1.13
235   24      8  2024    21.31    26.07          10.90         1.62
236   25      8  2024    20.89    26.26           3.26         1.12
237   26      8  2024    20.70    26.45           1.51         1.09
238   27      8  2024    19.56    27.35           3.11         1.49
239   28      8  2024    20.22    28.50           2.14         0.95
240   29      8  2024    20.21    26.71           4.59         1.30
241   30      8  2024    20.15    28.90           0.25         1.57
242   31      8  2024    21.38    28.24           0.54         1.53
243    1      9  2024    21.32    29.21           0.25         1.58
244    2      9  2024    22.05    27.62           5.77         1.35
245    3      9  2024    22.04    26.09          12.82         1.34
246    4      9  2024    21.59    26.66           2.73         1.39
247    5      9  2024    20.94    25.46           7.95         1.19
248    6      9  2024    20.39    24.69          12.47         0.61
249    7      9  2024    20.20    24.63          14.21         0.67
250    8      9  2024    19.69    25.64           5.34         1.15
251    9      9  2024    20.06    28.65           1.11         1.55
252   10      9  2024    21.20    26.73           1.03         1.52
253   11      9  2024    19.93    27.82           5.04         1.29
254   12      9  2024    20.48    26.23           5.05         1.25
255   13      9  2024    19.45    27.39           1.38         1.37
256   14      9  2024    20.70    26.17          11.13         1.38
257   15      9  2024    19.50    25.68          31.79         1.05
258   16      9  2024    19.38    26.26           7.64         1.03
259   17      9  2024    21.25    24.75          10.96         1.09
260   18      9  2024    20.25    26.33           2.72         1.24
261   19      9  2024    20.12    27.67           1.11         1.40
262   20      9  2024    20.54    26.22           3.45         1.23
263   21      9  2024    20.07    25.73           2.85         0.88
264   22      9  2024    21.14    24.78           5.62         0.88
265   23      9  2024    20.41    27.61           0.37         1.15
266   24      9  2024    20.52    26.30           2.57         1.11
267   25      9  2024    20.79    24.73          31.24         0.54
268   26      9  2024    19.84    24.75           6.46         0.72
269   27      9  2024    19.29    24.99          11.74         0.63
270   28      9  2024    20.64    24.37           8.77         0.94
271   29      9  2024    20.45    26.61           3.87         0.83
272   30      9  2024    20.66    26.05          10.03         1.03
273    1     10  2024    20.65    26.21           3.41         0.72
274    2     10  2024    20.95    25.97           5.34         1.11
275    3     10  2024    20.40    27.06           7.17         1.31
276    4     10  2024    18.79    24.86           8.50         0.44
277    5     10  2024    18.20    26.81           1.92         1.15
278    6     10  2024    18.03    25.94           4.37         1.03
279    7     10  2024    18.10    27.14           1.08         1.33
280    8     10  2024    19.55    25.66          13.82         0.44
281    9     10  2024    18.41    26.55           4.59         1.13
282   10     10  2024    18.10    26.43          17.48         0.55
283   11     10  2024    19.16    24.97          11.33         0.38
284   12     10  2024    20.25    28.26           8.01         1.01
285   13     10  2024    18.06    26.40           1.74         0.55
286   14     10  2024    18.66    25.84          13.19         0.72
287   15     10  2024    16.87    27.81           0.16         1.34
288   16     10  2024    19.66    28.31           5.53         1.29
289   17     10  2024    20.67    24.67          10.77         0.73
290   18     10  2024    18.93    28.00           7.30         1.14
291   19     10  2024    20.15    27.47           5.98         0.88
292   20     10  2024    19.33    27.36           1.06         0.90
293   21     10  2024    19.42    27.71           0.29         1.33
294   22     10  2024    18.87    26.61           0.54         1.00
295   23     10  2024    19.08    26.98           1.37         1.16
296   24     10  2024    19.98    27.01           2.51         1.32
297   25     10  2024    20.23    24.58           1.43         0.94
298   26     10  2024    19.16    26.81           2.55         1.06
299   27     10  2024    20.24    24.79          27.03         0.45
300   28     10  2024    18.93    27.86           0.90         1.22
301   29     10  2024    18.01    28.08           0.50         0.67
302   30     10  2024    18.75    27.43           0.02         1.11
303   31     10  2024    17.07    28.09           0.00         1.25
304    1     11  2024    18.21    27.48           0.09         1.08
305    2     11  2024    19.04    24.84           0.19         1.13
306    3     11  2024    18.22    25.16           0.36         0.71
307    4     11  2024    19.03    26.50           1.34         1.02
308    5     11  2024    18.41    24.82           0.36         1.21
309    6     11  2024    17.03    27.42           0.08         1.22
310    7     11  2024    17.08    27.54           0.00         1.09
311    8     11  2024    17.24    26.85           0.00         1.09
312    9     11  2024    19.66    25.53           0.07         1.30
313   10     11  2024    18.43    27.38           0.31         1.20
314   11     11  2024    18.96    25.87           0.39         1.24
315   12     11  2024    19.10    25.89           5.81         0.24
316   13     11  2024    20.01    24.81           6.01         0.78
317   14     11  2024    19.29    24.87           1.92         1.27
318   15     11  2024    19.20    26.72           0.92         1.02
319   16     11  2024    18.74    28.55           0.74         1.09
320   17     11  2024    19.51    26.87           0.54         1.20
321   18     11  2024    19.19    25.20           0.69         0.82
322   19     11  2024    19.25    24.24          19.47         0.32
323   20     11  2024    19.32    24.08          14.59         0.15
324   21     11  2024    20.13    24.75          10.09         0.01
325   22     11  2024    20.02    24.78          37.19         0.19
326   23     11  2024    19.51    26.22           4.58         0.81
327   24     11  2024    19.12    23.67           4.67         0.83
328   25     11  2024    17.99    26.00           1.41         1.11
329   26     11  2024    18.60    24.77           6.34         0.79
330   27     11  2024    18.90    26.44           1.22         1.09
331   28     11  2024    19.07    27.16           0.22         1.12
332   29     11  2024    18.08    27.78           0.60         1.15
333   30     11  2024    18.44    26.74           0.36         1.05
334    1     12  2024    19.92    26.25           0.59         1.32
335    2     12  2024    19.67    23.03          23.67         0.65
336    3     12  2024    18.64    24.95           8.93         0.92
337    4     12  2024    17.58    23.86          31.24         0.76
338    5     12  2024    18.12    24.98           3.75         1.02
339    6     12  2024    17.99    25.56           7.01         1.03
340    7     12  2024    19.83    24.43          16.72         0.62
341    8     12  2024    18.89    26.95           5.70         1.28
342    9     12  2024    18.29    27.07           2.91         0.91
343   10     12  2024    17.09    25.12           0.46         1.05
344   11     12  2024    17.32    25.95          11.09         1.01
345   12     12  2024    15.90    25.43           9.15         0.93
346   13     12  2024    13.73    24.82           0.11         1.05
347   14     12  2024    14.44    25.35           0.51         1.04
348   15     12  2024    15.18    26.36           0.52         1.13
349   16     12  2024    17.53    27.05           2.26         0.85
350   17     12  2024    18.75    23.93           0.47         0.90
351   18     12  2024    16.33    23.37           0.10         1.46
352   19     12  2024    16.00    25.01           0.02         1.36
353   20     12  2024    16.12    27.03           0.02         1.13
354   21     12  2024    17.05    26.63           0.02         1.16
355   22     12  2024    16.22    25.69           0.02         1.09
356   23     12  2024    13.14    23.37           0.01         1.07
357   24     12  2024    12.16    22.52           0.02         0.93
358   25     12  2024    12.95    23.51           0.01         0.98
359   26     12  2024    13.89    22.51           0.01         0.97
360   27     12  2024    13.00    24.20           0.01         0.96
361   28     12  2024    14.01    25.35           0.01         0.95
362   29     12  2024    15.65    25.68           0.06         1.12
363   30     12  2024    16.48    25.07           0.02         0.89
364   31     12  2024    16.58    21.62           0.02         0.67
365    1      1  2025    16.51    24.58           0.06         0.90
366    2      1  2025    17.33    25.82           0.17         0.90
367    3      1  2025    17.91    24.53           0.29         1.13
368    4      1  2025    18.34    25.09           0.86         0.79
369    5      1  2025    18.70    22.87           2.30         0.61
370    6      1  2025    18.13    22.55           8.86         0.81
371    7      1  2025    17.80    24.45           2.33         0.61
372    8      1  2025    17.29    24.85           2.69         0.90
373    9      1  2025    18.46    24.62          12.11         0.54
374   10      1  2025    18.41    24.58           3.56         0.64
375   11      1  2025    17.05    26.47           0.72         1.02
376   12      1  2025    18.02    26.39           0.80         1.02
377   13      1  2025    19.41    27.57           0.48         1.08
378   14      1  2025    20.01    27.89           1.61         1.19
379   15      1  2025    18.58    27.62           0.09         1.19
380   16      1  2025    15.42    25.98           0.01         1.24
381   17      1  2025    15.14    25.95           0.02         1.00
382   18      1  2025    16.23    25.56           0.01         1.21
383   19      1  2025    16.35    24.18           0.01         1.22
384   20      1  2025    16.64    26.75           0.02         1.19
385   21      1  2025    16.76    26.75           0.06         1.09
386   22      1  2025    18.68    27.09           0.06         1.23
387   23      1  2025    18.39    27.35           0.11         1.25
388   24      1  2025    17.84    26.47           0.69         1.42
389   25      1  2025    16.44    23.78           0.30         1.44
390   26      1  2025    15.83    26.62           0.02         1.11
391   27      1  2025    17.35    25.81           0.20         1.16
392   28      1  2025    16.36    24.07           0.18         1.38
393   29      1  2025    15.32    21.94           0.05         1.24
394   30      1  2025    14.11    25.59           0.01         1.44
395   31      1  2025    14.64    27.57           0.00         1.24
396    1      2  2025    18.20    26.91           0.06         0.91
397    2      2  2025    18.77    27.85           0.14         1.03
398    3      2  2025    18.69    27.28           0.02         1.37
399    4      2  2025    17.44    27.50           0.03         1.22
400    5      2  2025    15.94    28.10           0.00         1.34
401    6      2  2025    15.93    28.33           0.00         1.27
402    7      2  2025    17.19    28.30           0.00         1.38
403    8      2  2025    17.58    28.45           0.00         1.25
404    9      2  2025    18.24    28.01           0.00         1.34
405   10      2  2025    15.26    28.23           0.00         1.40
406   11      2  2025    14.98    28.08           0.00         1.42
407   12      2  2025    16.41    28.88           0.00         1.43
408   13      2  2025    17.26    28.21           0.00         1.40
409   14      2  2025    16.42    28.68           0.01         1.37
410   15      2  2025    16.62    26.08           0.20         1.39
411   16      2  2025    17.26    25.85           0.40         1.66
412   17      2  2025    17.39    27.73           0.44         1.44
413   18      2  2025    17.05    28.01           0.11         1.14
414   19      2  2025    16.77    28.25           0.06         1.26
415   20      2  2025    16.58    27.67           0.03         1.44
416   21      2  2025    14.76    27.80           0.07         1.41
417   22      2  2025    16.62    27.34           0.17         1.49
418   23      2  2025    16.30    28.21           0.12         1.51
419   24      2  2025    14.62    27.71           0.00         1.57
420   25      2  2025    13.96    26.43           0.06         1.64
421   26      2  2025    16.08    25.72           0.13         1.85
422   27      2  2025    16.97    27.46           0.41         1.68
423   28      2  2025    17.66    27.69           0.40         1.58
424    1      3  2025    17.37    25.94           0.06         1.41
425    2      3  2025    16.21    27.62           0.04         1.66
426    3      3  2025    15.24    28.53           0.01         1.65
427    4      3  2025    15.02    26.29           0.01         1.54
428    5      3  2025    14.03    26.72           0.01         1.60
429    6      3  2025    14.12    27.17           0.01         1.51
430    7      3  2025    14.05    28.37           0.01         1.44
431    8      3  2025    13.80    29.39           0.00         1.48
432    9      3  2025    12.59    28.33           0.00         1.46
433   10      3  2025    13.36    28.72           0.00         1.40
434   11      3  2025    13.45    28.99           0.00         1.39
435   12      3  2025    12.43    28.24           0.02         1.42
436   13      3  2025    15.96    27.71           0.09         1.54
437   14      3  2025    14.86    28.85           0.02         1.59
438   15      3  2025    13.99    29.64           0.02         1.60
439   16      3  2025    15.26    30.21           0.05         1.65
440   17      3  2025    16.37    31.34           0.01         1.67
441   18      3  2025    16.42    31.10           0.00         1.59
442   19      3  2025    16.79    32.02           0.00         1.67
443   20      3  2025    17.31    31.80           0.00         1.65
444   21      3  2025    17.93    32.86           0.00         1.68
445   22      3  2025    19.40    32.77           0.00         1.78
446   23      3  2025    19.70    32.21           0.00         1.55
447   24      3  2025    20.37    32.95           0.00         1.62
448   25      3  2025    19.28    32.21           0.00         1.72
449   26      3  2025    18.83    32.74           0.00         1.70
450   27      3  2025    19.74    32.49           0.00         1.91
451   28      3  2025    19.53    31.77           0.01         1.79
452   29      3  2025    17.56    32.72           0.01         1.69
453   30      3  2025    18.20    32.44           0.01         1.53
454   31      3  2025    19.10    32.08           0.06         1.53
455    1      4  2025    19.05    32.61           0.00         1.69
456    2      4  2025    18.12    32.49           0.01         1.88
457    3      4  2025    20.68    32.12           0.01         1.64
458    4      4  2025    20.01    32.66           0.06         1.87
459    5      4  2025    21.90    29.87           0.20         1.45
460    6      4  2025    20.83    32.89           0.00         1.82
461    7      4  2025    19.91    32.18           0.00         2.07
462    8      4  2025    18.81    32.16           0.00         1.88
463    9      4  2025    18.49    32.87           0.00         1.41
464   10      4  2025    19.81    33.66           0.00         1.51
465   11      4  2025    20.21    33.26           0.01         1.38
466   12      4  2025    21.23    32.37           0.01         1.49
467   13      4  2025    21.10    33.62           0.30         1.51
468   14      4  2025    21.79    33.44           0.87         1.34
469   15      4  2025    22.44    32.96           0.20         1.02
470   16      4  2025    22.06    32.80           0.27         1.21
471   17      4  2025    21.11    32.71           0.01         1.49
472   18      4  2025    21.81    32.05           0.00         1.65
473   19      4  2025    21.37    32.74           0.02         1.63
474   20      4  2025    21.04    31.50           0.05         1.56
475   21      4  2025    21.87    31.61           0.33         1.53
476   22      4  2025    22.83    30.22           1.10         1.49
477   23      4  2025    20.89    33.47           0.06         2.01
478   24      4  2025    19.73    34.48           0.01         1.92
479   25      4  2025    19.51    34.43           0.02         2.06
480   26      4  2025    18.72    35.13           0.01         1.80
481   27      4  2025    21.45    30.19           0.21         1.80
482   28      4  2025    19.93    34.36           0.14         1.98
483   29      4  2025    19.68    34.61           0.02         2.03
484   30      4  2025    20.92    33.57           0.03         1.91
485    1      5  2025    21.42    34.76           0.01         2.24
486    2      5  2025    20.90    33.86           0.04         2.17
487    3      5  2025    21.28    35.10           0.38         1.92
488    4      5  2025    21.62    35.45           0.08         2.13
489    5      5  2025    22.75    34.83           0.06         1.85
490    6      5  2025    23.20    34.16           1.05         1.75
491    7      5  2025    22.97    30.19           2.77         1.62
492    8      5  2025    22.00    32.29          10.35         0.74
493    9      5  2025    21.93    27.57           9.12         1.03
494   10      5  2025    20.80    30.55           1.85         1.64
495   11      5  2025    20.80    31.13          20.64         1.49
496   12      5  2025    21.75    26.76          14.62         1.51
497   13      5  2025    20.24    30.32           5.19         1.73
498   14      5  2025    21.73    28.21           3.86         1.61
499   15      5  2025    21.33    31.13           7.59         1.81
500   16      5  2025    22.52    29.09           7.87         1.42
501   17      5  2025    21.98    27.50           2.37         1.32
502   18      5  2025    21.78    28.06           2.03         1.41
503   19      5  2025    21.53    28.16           0.61         1.55
504   20      5  2025    22.25    26.67          13.81         0.91
505   21      5  2025    21.81    28.19           2.74         1.42
506   22      5  2025    21.31    29.25           0.64         1.69
507   23      5  2025    21.31    28.53           0.70         1.63
508   24      5  2025    21.69    28.50           2.40         1.50
509   25      5  2025    21.57    26.08          12.94         0.86
510   26      5  2025    21.06    28.44           3.48         1.32
511   27      5  2025    21.09    26.28          17.98         1.05
512   28      5  2025    20.34    26.35           6.91         1.19
513   29      5  2025    20.28    27.55           9.00         1.37
514   30      5  2025    20.52    29.15           2.36         1.69
515   31      5  2025    21.69    28.12           7.79         1.55
516    1      6  2025    21.41    26.97          15.20         1.49
517    2      6  2025    21.47    27.41           9.63         1.32
518    3      6  2025    22.20    27.37           9.79         1.17
519    4      6  2025    22.14    27.13          26.28         1.04
520    5      6  2025    21.28    27.49          11.28         1.24
521    6      6  2025    20.98    25.11          13.20         1.05
522    7      6  2025    21.04    25.39           2.94         0.97
523    8      6  2025    20.85    26.99           0.64         1.31
524    9      6  2025    21.57    26.10           5.37         1.29
525   10      6  2025    21.07    26.98          21.38         1.32
526   11      6  2025    20.65    26.01           2.36         1.19
527   12      6  2025    21.41    26.87           4.75         1.15
528   13      6  2025    20.34    27.36           2.73         1.27
529   14      6  2025    21.25    27.39           0.32         1.67
530   15      6  2025    21.82    28.02           0.98         1.50
531   16      6  2025    22.36    26.60           2.10         1.36
532   17      6  2025    21.64    26.64           1.25         1.17
533   18      6  2025    21.33    27.72           1.00         1.60
534   19      6  2025    21.47    28.76           0.28         1.61
535   20      6  2025    21.49    27.49           1.26         1.43
536   21      6  2025    21.38    26.32           2.79         1.42
537   22      6  2025    20.85    26.80          11.64         1.24
538   23      6  2025    20.98    29.27           2.02         1.54
539   24      6  2025    20.96    26.91           2.93         1.47
540   25      6  2025    20.72    26.74          37.95         1.44
541   26      6  2025    21.57    27.63           5.52         1.62
542   27      6  2025    21.70    26.91           4.55         1.22
543   28      6  2025    21.35    27.71           3.29         1.25
544   29      6  2025    21.74    27.24          13.31         1.18
545   30      6  2025    21.24    27.35          19.99         1.27
546    1      7  2025    21.95    25.77           7.35         1.17
547    2      7  2025    21.36    25.74           1.93         0.90
548    3      7  2025    20.65    26.87           1.12         1.29
549    4      7  2025    21.32    27.26           0.94         1.23
550    5      7  2025    21.34    27.98           1.45         1.27
551    6      7  2025    21.25    27.24           0.20         1.54
552    7      7  2025    21.85    27.34           0.92         1.62
553    8      7  2025    21.00    26.89          11.30         1.45
554    9      7  2025    20.61    27.91           3.63         1.42
555   10      7  2025    19.82    30.27           1.16         1.49
556   11      7  2025    21.93    27.54           5.04         1.38
557   12      7  2025    20.81    28.72           9.23         1.54
558   13      7  2025    22.11    26.97           4.49         1.20
559   14      7  2025    21.77    24.87           7.69         1.20
560   15      7  2025    21.56    25.92          13.11         1.05
561   16      7  2025    20.92    25.19          24.45         1.07
562   17      7  2025    21.81    25.44          13.61         1.12
563   18      7  2025    21.20    26.29           8.12         1.18
564   19      7  2025    21.29    27.07           1.71         1.17
565   20      7  2025    21.12    25.84           4.21         1.12
566   21      7  2025    20.43    27.20           7.13         1.19
567   22      7  2025    21.04    26.53           6.85         1.01
568   23      7  2025    21.24    27.52          35.70         1.14
569   24      7  2025    20.63    26.95           6.62         1.07
570   25      7  2025    20.85    26.66          29.37         1.20
571   26      7  2025    20.98    26.85           8.53         1.13
572   27      7  2025    21.94    25.61          25.95         0.68
573   28      7  2025    21.47    25.50          23.23         1.05
574   29      7  2025    21.48    26.12          21.03         0.98
575   30      7  2025    21.05    25.29          19.35         0.51
576   31      7  2025    21.28    25.67          40.97         0.77
577    1      8  2025    20.87    25.71           5.65         1.04
578    2      8  2025    20.99    26.76           4.26         1.07
579    3      8  2025    21.27    27.16          16.35         1.18
580    4      8  2025    20.51    26.94          10.48         1.51
581    5      8  2025    19.82    27.77           0.78         1.63
582    6      8  2025    20.99    27.58           0.75         1.67
583    7      8  2025    21.93    27.66           0.32         1.74
584    8      8  2025    21.96    28.26           0.22         1.75
585    9      8  2025    21.26    28.06           0.17         1.73
586   10      8  2025    21.21    29.68           0.11         1.72
587   11      8  2025    22.04    28.45           0.56         1.64
588   12      8  2025    21.53    28.27           3.41         1.61
589   13      8  2025    21.72    27.28          10.42         1.44
590   14      8  2025    21.62    27.72           3.90         1.47
591   15      8  2025    22.02    27.15           3.17         1.53
592   16      8  2025    21.71    28.23           0.68         1.66
593   17      8  2025    21.86    28.56           0.99         1.55
594   18      8  2025    21.89    28.17           1.13         1.52
595   19      8  2025    21.53    28.31           9.97         1.51
596   20      8  2025    21.74    27.35          18.52         1.32
597   21      8  2025    20.82    27.25           5.58         1.39
598   22      8  2025    20.84    28.27           2.01         1.70
599   23      8  2025    21.22    27.63           2.49         1.73
600   24      8  2025    21.18    27.73           1.75         1.77
601   25      8  2025    21.43    28.76           0.65         1.61
602   26      8  2025    20.63    27.29           8.43         1.52
603   27      8  2025    20.25    27.77           2.06         1.51
604   28      8  2025    21.48    26.63          14.22         1.31
605   29      8  2025    21.47    26.27          23.85         1.26
606   30      8  2025    21.31    27.32          17.86         1.22
607   31      8  2025    21.24    26.26          21.10         1.01
608    1      9  2025    21.59    26.39          28.32         1.10
609    2      9  2025    21.94    27.63          18.69         1.27
610    3      9  2025    21.17    27.43           8.97         1.27
611    4      9  2025    21.55    27.91          15.50         1.30
612    5      9  2025    21.62    26.73          14.93         1.24
613    6      9  2025    21.68    27.07           5.76         1.40
614    7      9  2025    21.79    27.18           2.33         1.24
615    8      9  2025    21.74    27.01           6.00         1.28
616    9      9  2025    21.54    27.18           3.20         1.35
617   10      9  2025    21.51    26.44           6.00         1.06
618   11      9  2025    21.33    27.13          11.37         1.36
619   12      9  2025    20.52    26.76          18.99         1.34
620   13      9  2025    20.62    26.52           4.58         1.25
621   14      9  2025    20.54    26.45          10.61         1.22
622   15      9  2025    20.37    26.87           7.96         1.21
623   16      9  2025    20.49    27.08           3.30         1.15
624   17      9  2025    21.18    26.52           2.95         1.41
625   18      9  2025    20.07    26.72           6.59         1.25
626   19      9  2025    21.98    28.31           1.48         1.50
627   20      9  2025    20.97    28.56           1.21         1.58
628   21      9  2025    20.30    28.53           8.69         1.14
629   22      9  2025    21.78    25.94           8.28         1.33
630   23      9  2025    21.55    27.04           8.11         1.10
631   24      9  2025    20.33    26.17           3.36         0.86
632   25      9  2025    20.84    26.80           8.34         1.05
633   26      9  2025    20.78    26.41          11.96         1.10
634   27      9  2025    20.99    26.52          21.18         1.09
635   28      9  2025    20.34    26.84          12.41         1.10
636   29      9  2025    21.17    27.14          38.18         1.27
637   30      9  2025    20.92    25.27          12.36         1.29
638    1     10  2025    20.74    26.49          45.94         0.63
639    2     10  2025    21.62    26.03          14.65         0.31
640    3     10  2025    20.79    27.12           0.94         1.20
641    4     10  2025    20.50    28.44           0.92         1.42
642    5     10  2025    21.44    27.99           2.76         1.37
643    6     10  2025    21.78    26.34           8.43         0.90
644    7     10  2025    21.17    27.62           4.01         0.99
645    8     10  2025    21.45    28.06           2.57         1.02
646    9     10  2025    20.94    27.73           3.48         1.21
647   10     10  2025    21.84    28.12           8.32         1.04
648   11     10  2025    21.91    28.75           0.64         1.39
649   12     10  2025    21.02    29.23           4.89         1.30
650   13     10  2025    22.12    26.86           9.31         1.17
651   14     10  2025    21.64    26.89           3.44         1.05
652   15     10  2025    21.60    26.17           8.15         0.97
653   16     10  2025    21.02    26.24           4.89         0.89
654   17     10  2025    20.73    26.69           1.65         1.25
655   18     10  2025    21.12    26.66           0.64         1.23
656   19     10  2025    20.35    27.98           4.81         1.29
657   20     10  2025    21.33    27.60           6.96         1.38
658   21     10  2025    19.90    27.14           3.19         0.65
659   22     10  2025    21.11    27.59           2.28         1.20
660   23     10  2025    19.92    27.06           4.13         1.09
661   24     10  2025    20.60    27.05           2.20         1.27
662   25     10  2025    20.96    25.69           4.45         1.05
663   26     10  2025    20.68    27.52           1.00         1.23
664   27     10  2025    21.41    27.40           1.20         1.26
665   28     10  2025    20.74    28.79           2.31         1.20
666   29     10  2025    20.32    27.67           0.83         1.11
667   30     10  2025    20.80    26.46           0.21         1.15
668   31     10  2025    20.28    26.08           4.13         1.04
669    1     11  2025    20.56    26.67           1.88         1.35
670    2     11  2025    20.19    27.32           0.73         1.09
671    3     11  2025    20.24    27.47           0.55         1.05
672    4     11  2025    20.33    27.18           0.72         0.87
673    5     11  2025    20.01    28.86           2.86         1.33
674    6     11  2025    20.32    27.23           1.98         0.86
675    7     11  2025    18.27    26.15           0.49         0.52
676    8     11  2025    19.82    27.44           0.45         1.20
677    9     11  2025    20.56    28.53           0.45         1.21
678   10     11  2025    20.21    27.07           0.91         0.57
679   11     11  2025    20.08    27.66           0.92         1.33
680   12     11  2025    19.48    27.81           0.98         0.94
681   13     11  2025    20.50    26.65           5.64         0.78
682   14     11  2025    21.01    26.31          10.57         0.81
683   15     11  2025    20.50    25.77           9.26         0.25
684   16     11  2025    20.63    25.51          23.88         0.26
685   17     11  2025    18.72    26.99           3.85         0.89
686   18     11  2025    17.68    27.12           0.15         1.38
687   19     11  2025    17.12    26.49           0.15         1.07
688   20     11  2025    17.31    28.24           0.23         1.14
689   21     11  2025    18.18    27.77           0.08         1.37
690   22     11  2025    16.59    28.10           0.04         0.91
691   23     11  2025    18.81    25.64           0.28         0.86
692   24     11  2025    19.79    25.09           0.29         0.41
693   25     11  2025    19.62    25.35           0.34         0.87
694   26     11  2025    18.98    25.86           0.46         1.02
695   27     11  2025    19.04    26.79           0.04         1.16
696   28     11  2025    18.51    27.60           0.06         1.02
697   29     11  2025    19.43    27.59           0.17         1.18
698   30     11  2025    20.33    25.75           1.31         1.00
699    1     12  2025    20.44    27.18           0.13         1.30
700    2     12  2025    20.00    26.05           9.94         0.87
701    3     12  2025    19.58    24.69          20.72         0.45
702    4     12  2025    18.33    26.94           0.95         0.99
703    5     12  2025    19.04    25.30           0.53         1.05
704    6     12  2025    19.32    26.72           0.92         1.00
705    7     12  2025    18.49    27.62           0.59         1.24
706    8     12  2025    18.50    27.10           0.03         1.02
707    9     12  2025    17.52    27.42           0.00         1.19
708   10     12  2025    18.20    27.39           0.04         1.10
709   11     12  2025    16.95    27.79           0.06         1.15
710   12     12  2025    16.42    27.71           0.12         1.18
711   13     12  2025    18.36    26.92           0.02         1.26
712   14     12  2025    18.43    28.09           0.01         1.28
713   15     12  2025    18.08    27.31           0.00         1.18
714   16     12  2025    17.23    28.02           0.33         1.19
715   17     12  2025    18.57    27.02           1.72         1.20
716   18     12  2025    19.11    27.17           2.33         0.91
717   19     12  2025    18.69    27.24           0.34         1.09
718   20     12  2025    19.17    26.67           3.30         0.94
719   21     12  2025    18.66    26.21           0.69         1.36
720   22     12  2025    18.97    24.23           0.56         1.28
721   23     12  2025    18.93    25.02           0.57         1.11
722   24     12  2025    19.12    26.35           0.93         1.12
723   25     12  2025    17.03    24.87           0.15         1.42
724   26     12  2025    17.02    26.84           0.03         1.45
725   27     12  2025    18.09    27.71           0.04         1.12
726   28     12  2025    19.28    27.87           0.15         1.01
727   29     12  2025    18.99    28.22           0.02         1.33
728   30     12  2025    18.82    28.29           0.01         1.19
729   31     12  2025    17.69    28.02           0.01         1.23